075526789261
075526789262
075526789231
075526789259
075526789274
075526789275
075526789272
075526789264
075526789267
075526789276
075526789265
075526789271
075526789280
075526789273
075526789306
075526789309
075526789297
075526789294
075526789285
075526789290
075526789287
075526789314
075526789304
075526789324
075526789351
075526789331
075526789346
075526789354
075526789347
075526789337
075526789353
075526789335
075526789340
075526789334
075526789360
075526789371
075526789356
075526789375
075526789357
075526789376
075526789372
075526789361
075526789380
075526789373
075526789391
075526789401
075526789389
075526789402
075526789385
075526789387
075526789394
075526789384
075526789404
075526789381